1442       1     0
1442       1     0.025000
2920       1     0.050000
4380       1     0.075000
5840       1     0.100000
7300       1     0.125000
8760       1     0.150000
10220      1     0.157143
11680      1     0.164286
13140      1     0.171429
14600      1      0.178571
16060      1      0.185714
17520      1      0.192857
18980      1      0.200000
20440      1      0.216667
21900      1      0.233333
23360      1      0.250000
24820      1      0.266667
26280      1      0.283333
27740      1      0.300000
29200      1      0.307143
30660      1      0.314286
32120      1      0.321429
33580      1      0.328571
35040      1      0.335714
36500      1      0.342857
37960      1      0.350000
39420      1      0.357143
40880      1      0.364286
42340      1      0.371429
43800      1      0.378571
45260      1      0.385714
46720      1      0.392857
48180      1      0.400000
49640      1      0.406500
51100      1      0.413000
52560      1      0.419500
54020      1      0.426000
55480      1      0.432500
56940      1      0.439000
58400      1      0.445500
59860      1      0.452000
61320      1      0.458500
62780      1      0.465000
64240      1      0.471500
65700      1      0.478000
67160      1      0.484500
68620      1      0.491000
70080      1      0.497500
71540      1      0.504000
73000      1      0.510500
74460      1      0.517000
75920      1      0.523500
77380      1      0.530000
78840      1      0.530875
80300      1      0.531750
81760      1      0.532625
83220      1      0.533500
84680      1      0.534375
86140      1      0.535250
87600      1      0.536125
89060      1      0.537000
90520      1      0.537875
91980      1      0.538750
93440      1      0.539625
94900      1      0.540500
96360      1      0.541375
97820      1      0.542250
99280      1      0.543125
100740     1      0.544000
102200     1      0.544875
103660     1      0.545750
105120     1      0.546625
106580     1      0.547500
108040     1      0.548375
109500     1      0.549250
110960     1      0.550125
112420     1      0.551000
113880     1      0.551875
115340     1      0.552750
116800     1      0.553625
118260     1      0.554500
119720     1      0.555375
121180     1      0.556250
122640     1      0.557125
124100     1      0.558000
125560     1      0.558875
127020     1      0.559750
128480     1      0.560625
129940     1      0.561500
131400     1      0.562375
132860     1      0.563250
134320     1      0.564125
135780     1      0.565000
137240     1      0.565875
138700     1      0.566750
140160     1      0.567625
141620     1      0.568500
143080     1      0.569375
144540     1      0.570250
146000     1       0.571125
147460     1       0.572000
148920     1       0.572875
150380     1       0.573750
151840     1       0.574625
153300     1       0.575500
154760     1       0.576375
156220     1       0.577250
157680     1       0.578125
159140     1       0.579000
160600     1       0.579875
162060     1       0.580750
163520     1       0.581625
164980     1       0.582500
166440     1       0.583375
167900     1       0.584250
169360     1       0.585125
170820     1       0.586000
172280     1       0.586875
173740     1       0.587750
175200     1       0.588625
176660     1       0.589500
178120     1       0.590375
179580     1       0.591250
181040     1       0.592125
182500     1       0.593000
183960     1       0.593875
185420     1       0.594750
186880     1       0.595625
188340     1       0.596500
189800     1       0.597375
191260     1       0.598250
192720     1       0.599125
194180     1       0.600000
195640     1       0.600187
197100     1       0.600375
198560     1       0.600562
200020     1       0.600749
201480     1       0.600936
202940     1       0.601124
204400     1       0.601311
205860     1       0.601498
207320     1       0.601685
208780     1       0.601873
210240     1       0.602060
211700     1       0.602247
213160     1       0.602434
214620     1       0.602622
216080     1       0.602809
217540     1       0.602996
219000     1       0.603184
220460     1       0.603371
221920     1       0.603558
223380     1       0.603745
224840     1       0.603933
226300     1       0.604120
227760     1       0.604307
229220     1       0.604494
230680     1       0.604682
232140     1       0.604869
233600     1       0.605056
235060     1       0.605243
236520     1       0.605431
237980     1       0.605618
239440     1       0.605805
240900     1       0.605993
242360     1       0.606180
243820     1       0.606367
245280     1       0.606554
246740     1       0.606742
248200     1       0.606929
249660     1       0.607116
251120     1       0.607303
252580     1       0.607491
254040     1       0.607678
255500     1       0.607865
256960     1       0.608052
258420     1       0.608240
259880     1       0.608427
261340     1       0.608614
262800     1       0.608801
264260     1       0.608989
265720     1       0.609176
267180     1       0.609363
268640     1       0.609551
270100     1       0.609738
271560     1       0.609925
273020     1       0.610112
274480     1       0.610300
275940     1       0.610487
277400     1       0.610674
278860     1       0.610861
280320     1       0.611049
281780     1       0.611236
283240     1       0.611423
284700     1       0.611610
286160     1       0.611798
287620     1       0.611985
289080     1       0.612172
290540     1       0.612360
292000     1       0.612547
293460     1       0.612734
294920     1       0.612921
296380     1       0.613109
297840     1       0.613296
299300     1       0.613483
300760     1       0.613670
302220     1       0.613858
303680     1       0.614045
305140     1       0.614232
306600     1       0.614419
308060     1       0.614607
309520     1       0.614794
310980     1       0.614981
312440     1       0.615169
313900     1       0.615356
315360     1       0.615543
316820     1       0.615730
318280     1       0.615918
319740     1       0.616105
321200     1       0.616292
322660     1       0.616479
324120     1       0.616667
325580     1       0.616854
327040     1       0.617041
328500     1       0.617228
329960     1       0.617416
331420     1       0.617603
332880     1       0.617790
334340     1       0.617978
335800     1       0.618165
337260     1       0.618352
338720     1       0.618539
340180     1       0.618727
341640     1       0.618914
343100     1       0.619101
344560     1       0.619288
346020     1       0.619476
347480     1       0.619663
348940     1       0.619850
350400     1       0.620037
351860     1       0.620225
353320     1       0.620412
354780     1       0.620599
356240     1       0.620787
357700     1       0.620974
359160     1       0.621161
360620     1       0.621348
362080     1       0.621536
370840     1       0.622659
389820     1       0.625094
408800     1       0.627528
429240     1       0.630150
448220     1       0.632584
467200     1       0.635019
487640     1       0.637640
506620     1       0.640075
525600     1       0.642509
546040     1       0.645131
565020     1       0.647566
584000     1       0.650000
604440     1       0.652622
623420     1       0.655056
643860     1       0.657678
662840     1       0.660112
681820     1       0.662547
702260     1       0.665169
721240     1       0.667603
740220     1       0.670037
760660     1       0.672659
779640     1       0.675094
798620     1       0.677528
819060     1       0.680150
838040     1       0.682584
857020     1       0.685019
877460     1       0.687640
896440     1       0.690075
915420     1       0.692509
935860     1       0.695131
954840     1       0.697566
973820     1       0.700000
998640     1       0.702553
1023460    1       0.705105
1046820    1       0.707508
1071640    1       0.710060
1096460    1       0.712613
1119820    1       0.715015
1144640    1       0.717568
1169460    1       0.720120
1192820    1       0.722523
1217640    1       0.725075
1242460    1       0.727628
1265820    1       0.730030
1290640    1       0.732583
1315460    1       0.735135
1338820    1       0.737538
1363640    1       0.740090
1388460    1       0.742643
1411820    1       0.745045
1436640    1       0.747598
1460000    1        0.750000
1484820    1        0.752553
1509640    1        0.755105
1533000    1        0.757508
1557820    1        0.760060
1582640    1        0.762613
1606000    1        0.765015
1630820    1        0.767568
1655640    1        0.770120
1679000    1        0.772523
1703820    1        0.775075
1728640    1        0.777628
1752000    1        0.780030
1776820    1        0.782583
1801640    1        0.785135
1825000    1        0.787538
1849820    1        0.790090
1874640    1        0.792643
1898000    1        0.795045
1922820    1        0.797598
1946180    1        0.800000
2019180    1        0.802500
2092180    1        0.805000
2165180    1        0.807500
2238180    1        0.810000
2311180    1        0.812500
2384180    1        0.815000
2457180    1        0.817500
2530180    1        0.820000
2603180    1        0.822500
2676180    1        0.825000
2749180    1        0.827500
2822180    1        0.830000
2895180    1        0.832500
2968180    1        0.835000
3041180    1        0.837500
3114180    1        0.840000
3187180    1        0.842500
3260180    1        0.845000
3333180    1        0.847500
3406180    1        0.850000
3479180    1        0.852500
3552180    1        0.855000
3625180    1        0.857500
3698180    1        0.860000
3771180    1        0.862500
3844180    1        0.865000
3917180    1        0.867500
3990180    1        0.870000
4063180    1        0.872500
4136180    1        0.875000
4209180    1        0.877500
4282180    1        0.880000
4355180    1        0.882500
4428180    1        0.885000
4501180    1        0.887500
4574180    1        0.890000
4647180    1        0.892500
4720180    1        0.895000
4793180    1        0.897500
4866180    1        0.900000
10221460   1        0.902505
10707640   1        0.905003
11193820   1        0.907500
11681460   1        0.910005
12167640   1        0.912503
12653820   1        0.915000
13141460   1        0.917505
13627640   1        0.920003
14113820   1        0.922501
14601460   1         0.925006
15087640   1         0.927503
15573820   1         0.930001
16061460   1         0.932506
16547640   1         0.935003
17033820   1         0.937501
17521460   1         0.940006
18007640   1         0.942504
18493820   1         0.945001
18981460   1         0.947506
19467640   1         0.950004
19953820   1         0.952501
20441460   1         0.955006
20927640   1         0.957504
21413820   1         0.960002
21901460   1         0.962507
22387640   1         0.965004
22873820   1         0.967502
23361460   1         0.970007
23847640   1         0.972504
24333820   1         0.975002
24821460   1         0.977507
25307640   1         0.980005
25793820   1         0.982502
26281460   1         0.985007
26767640   1         0.987505
27253820   1         0.990002
27741460   1         0.992507
28227640   1         0.995005
28713820   1         0.997502
29200000   1         1.000000 

